====== He (10) into UO2                         =======
        SRIM-2013.00
=======================================
    Energy transferred to RECOILS      
 See SRIM Outputs\TDATA.txt for calc. details 
=======================================
 See file: SRIM Outputs\TDATA.txt for data about the calculation
 Ion    = He   Energy = 4200 keV
============= TARGET MATERIAL ======================================
Layer  1 : UO2
Layer Width = 10000,E+01 AAA ;
  Layer # 1- Density = 7.332E22 atoms/cm3 = 10.96 g/cm3
  Layer # 1-  U = 33.3 Atomic Percent = 88.1 Mass Percent
  Layer # 1-  O = 66.6 Atomic Percent = 11.8 Mass Percent
====================================================================
 Total Ions calculated =10000,00
===========================================================
  Table Energy Units are  >>>>  eV /(Angstrom-Ion)  <<<<  
===========================================================
   DEPTH       ENERGY      Energy       Energy       
   DEPTH        from       Absorbed     Absorbed     
   (Ang.)       IONS       by   U       by   O       
----------   ------------  -----------  -----------  
100001,E-02  2049,80E-05  1660,18E-05  3968,23E-06  
200001,E-02  2111,36E-05  1495,72E-05  6380,21E-06  
300001,E-02  2629,68E-05  1703,62E-05  9457,13E-06  
400001,E-02  3033,10E-05  1432,08E-05  1622,47E-05  
500001,E-02  3080,35E-05  1199,88E-05  1900,28E-05  
600001,E-02  2197,63E-05  1759,60E-05  4580,09E-06  
700001,E-02  2468,82E-05  1982,64E-05  5068,80E-06  
800001,E-02  3222,12E-05  2897,09E-05  3469,03E-06  
900001,E-02  2323,13E-05  1877,18E-05  4663,48E-06  
100000,E-01  2308,99E-05  1983,46E-05  3465,08E-06  
110000,E-01  2200,52E-05  1879,10E-05  3438,22E-06  
120000,E-01  3298,25E-05  2993,70E-05  3269,01E-06  
130000,E-01  1662,73E-05  1215,39E-05  4699,87E-06  
140000,E-01  1738,37E-05  1380,69E-05  3802,13E-06  
150000,E-01  2380,69E-05  1788,72E-05  6144,73E-06  
160000,E-01  2466,37E-05  1683,47E-05  8064,57E-06  
170000,E-01  1762,21E-05  1361,46E-05  4232,85E-06  
180000,E-01  3164,14E-05  2670,39E-05  5165,48E-06  
190000,E-01  3029,75E-05  2578,11E-05  4763,26E-06  
200000,E-01  2429,42E-05  2065,68E-05  3870,78E-06  
210000,E-01  2473,89E-05  1844,38E-05  6552,57E-06  
220000,E-01  2245,40E-05  1779,69E-05  4901,56E-06  
230000,E-01  2460,55E-05  2135,17E-05  3498,37E-06  
240000,E-01  2068,95E-05  1798,92E-05  2939,10E-06  
250000,E-01  2395,55E-05  2128,25E-05  2919,64E-06  
260000,E-01  2301,00E-05  1941,72E-05  3864,97E-06  
270000,E-01  2240,96E-05  1858,94E-05  4070,47E-06  
280000,E-01  2846,51E-05  2428,21E-05  4442,83E-06  
290000,E-01  2610,14E-05  2311,11E-05  3262,91E-06  
300000,E-01  2595,31E-05  1728,59E-05  8928,18E-06  
310000,E-01  3939,59E-05  2988,58E-05  9775,30E-06  
320000,E-01  2459,84E-05  2087,02E-05  3984,09E-06  
330000,E-01  2084,38E-05  1747,12E-05  3641,06E-06  
340000,E-01  2812,83E-05  2100,22E-05  7407,24E-06  
350000,E-01  2463,12E-05  1767,97E-05  7220,29E-06  
360000,E-01  2256,77E-05  1833,00E-05  4505,00E-06  
370000,E-01  2658,60E-05  2178,76E-05  5095,08E-06  
380000,E-01  5941,07E-05  3337,85E-05  2633,22E-05  
390000,E-01  8974,42E-05  3475,09E-05  5528,58E-05  
400000,E-01  3561,64E-05  3001,42E-05  5902,23E-06  
410000,E-01  3747,86E-05  3214,85E-05  5628,58E-06  
420000,E-01  3224,86E-05  2520,73E-05  7348,50E-06  
430000,E-01  5132,18E-05  3898,49E-05  1266,36E-05  
440000,E-01  3585,99E-05  2957,91E-05  6613,74E-06  
450000,E-01  5354,52E-05  3499,20E-05  1889,94E-05  
460000,E-01  3379,20E-05  2505,87E-05  9082,82E-06  
470000,E-01  3638,03E-05  3223,81E-05  4495,34E-06  
480000,E-01  4074,15E-05  3526,34E-05  5860,67E-06  
490000,E-01  3357,41E-05  2892,24E-05  5029,48E-06  
500000,E-01  5211,39E-05  3840,65E-05  1406,11E-05  
510000,E-01  3442,08E-05  2957,83E-05  5216,89E-06  
520000,E-01  4101,27E-05  3248,79E-05  8896,84E-06  
530000,E-01  3301,26E-05  2568,78E-05  7719,93E-06  
540000,E-01  4992,89E-05  4321,36E-05  7163,78E-06  
550000,E-01  4274,49E-05  3615,36E-05  7016,04E-06  
560000,E-01  4301,82E-05  3424,86E-05  9194,45E-06  
570000,E-01  4124,25E-05  3334,03E-05  8325,76E-06  
580000,E-01  6000,20E-05  4538,40E-05  1505,75E-05  
590000,E-01  5344,25E-05  4294,66E-05  1096,42E-05  
600000,E-01  5563,78E-05  4506,91E-05  1105,86E-05  
610000,E-01  8555,33E-05  4666,13E-05  3938,58E-05  
620000,E-01  5403,32E-05  4507,00E-05  9478,29E-06  
630000,E-01  5800,57E-05  4847,30E-05  1004,81E-05  
640000,E-01  5037,75E-05  4333,06E-05  7582,64E-06  
650000,E-01  7988,01E-05  6852,10E-05  1191,56E-05  
660000,E-01  6891,51E-05  5605,90E-05  1348,30E-05  
670000,E-01  7317,45E-05  4356,18E-05  3025,77E-05  
680000,E-01  6696,95E-05  4931,07E-05  1831,41E-05  
690000,E-01  7527,14E-05  6357,93E-05  1232,46E-05  
700000,E-01  7711,40E-05  6198,47E-05  1582,80E-05  
710000,E-01  7701,97E-05  6376,33E-05  1405,05E-05  
720000,E-01  7742,55E-05  5807,57E-05  2013,01E-05  
730000,E-01  6691,97E-05  4977,96E-05  1794,35E-05  
740000,E-01  8465,01E-05  6534,49E-05  2018,84E-05  
750000,E-01  8874,71E-05  6938,21E-05  2025,36E-05  
760000,E-01  8817,06E-05  6528,11E-05  2396,48E-05  
770000,E-01  1098,47E-04  8207,88E-05  2885,78E-05  
780000,E-01  1288,49E-04  9963,42E-05  3053,39E-05  
790000,E-01  1508,27E-04  9474,16E-05  5758,72E-05  
800000,E-01  1445,27E-04  1014,10E-04  4470,25E-05  
810000,E-01  1509,72E-04  1118,85E-04  4095,86E-05  
820000,E-01  1843,69E-04  1351,29E-04  5137,03E-05  
830000,E-01  2138,83E-04  1459,43E-04  7044,30E-05  
840000,E-01  2769,52E-04  1792,39E-04  1007,97E-04  
850000,E-01  2892,12E-04  1804,41E-04  1127,13E-04  
860000,E-01  3763,97E-04  2274,99E-04  1538,20E-04  
870000,E-01  4705,57E-04  2801,86E-04  1967,21E-04  
880000,E-01  5678,97E-04  3045,82E-04  2715,56E-04  
890000,E-01  6680,33E-04  3572,96E-04  3215,63E-04  
900000,E-01  8317,18E-04  4042,20E-04  4409,75E-04  
910000,E-01  9343,15E-04  4345,68E-04  5154,74E-04  
920000,E-01  9060,15E-04  3821,89E-04  5406,36E-04  
930000,E-01  7716,24E-04  2919,86E-04  4946,28E-04  
940000,E-01  4680,16E-04  1701,69E-04  3078,01E-04  
950000,E-01  2355,42E-04  7721,51E-05  1635,02E-04  
960000,E-01  8630,58E-05  2522,14E-05  6303,35E-05  
970000,E-01  2152,95E-05  5803,89E-06  1623,33E-05  
980000,E-01  3781,00E-06  8655,89E-07  3004,52E-06  
990000,E-01  4665,51E-07  5865,88E-08  4207,93E-07  
100000,E+00  0000,00E+00  0000,00E+00  0000,00E+00  
