====== He (10) into UO2                         =======
        SRIM-2008.04
=======================================
    Energy transferred to RECOILS      
 See SRIM Outputs\TDATA.txt for calc. details 
=======================================
====== TRIM Calc.= He(4.2 MeV) ==> UO2(  12 um) ==============================
------------------------------------------------------------------------------
 See file: SRIM Outputs\TDATA.txt for data about the calculation
 Ion    = He   Energy = 4200 keV
============= TARGET MATERIAL ======================================
Layer  1 : UO2
Layer Width = 12000.E+01 AAA ;
  Layer # 1- Density = 7.332E22 atoms/cm3 = 10.96 g/cm3
  Layer # 1-  O = 66.6 Atomic Percent = 11.8 Mass Percent
  Layer # 1-  U = 33.3 Atomic Percent = 88.1 Mass Percent
====================================================================
 Total Ions calculated =13516.00
===========================================================
  Table Energy Units are  >>>>  eV /(Angstrom-Ion)  <<<<  
===========================================================
   DEPTH       ENERGY      Energy       Energy       
   DEPTH        from       Absorbed     Absorbed     
   (Ang.)       IONS       by   O       by   U       
----------   ------------  -----------  -----------  
120001.E-02  2141.61E-05  4731.78E-06  1678.24E-05  
240001.E-02  2333.71E-05  4947.48E-06  1860.38E-05  
360001.E-02  3661.86E-05  4742.21E-06  3209.78E-05  
480001.E-02  1776.86E-05  4827.24E-06  1313.95E-05  
600001.E-02  2260.07E-05  9663.21E-06  1314.30E-05  
720001.E-02  1589.31E-05  4231.75E-06  1187.98E-05  
840001.E-02  2362.76E-05  4515.76E-06  1932.12E-05  
960001.E-02  2383.15E-05  3081.51E-06  2097.29E-05  
108000.E-01  2754.01E-05  4292.49E-06  2346.52E-05  
120000.E-01  2227.62E-05  4005.15E-06  1849.75E-05  
132000.E-01  2426.90E-05  9341.76E-06  1514.48E-05  
144000.E-01  3655.04E-05  2580.98E-05  1096.11E-05  
156000.E-01  1944.61E-05  5547.91E-06  1411.70E-05  
168000.E-01  3195.49E-05  1261.14E-05  1956.58E-05  
180000.E-01  2926.27E-05  4339.08E-06  2517.20E-05  
192000.E-01  1811.37E-05  4429.96E-06  1393.48E-05  
204000.E-01  2594.83E-05  4453.06E-06  2173.33E-05  
216000.E-01  2481.11E-05  4306.92E-06  2074.36E-05  
228000.E-01  2588.59E-05  7745.64E-06  1837.20E-05  
240000.E-01  3238.73E-05  7470.24E-06  2516.01E-05  
252000.E-01  2841.77E-05  4839.34E-06  2382.86E-05  
264000.E-01  2666.18E-05  4831.91E-06  2208.05E-05  
276000.E-01  3480.37E-05  5069.16E-06  2999.87E-05  
288000.E-01  2740.51E-05  9182.46E-06  1848.01E-05  
300000.E-01  2413.54E-05  6569.02E-06  1785.18E-05  
312000.E-01  3119.53E-05  9052.14E-06  2240.58E-05  
324000.E-01  2372.13E-05  4234.36E-06  1975.25E-05  
336000.E-01  2457.84E-05  8054.74E-06  1679.37E-05  
348000.E-01  2261.69E-05  5027.56E-06  1788.27E-05  
360000.E-01  2840.37E-05  5968.57E-06  2272.18E-05  
372000.E-01  3687.44E-05  5526.12E-06  3164.46E-05  
384000.E-01  4502.20E-05  7336.71E-06  3800.66E-05  
396000.E-01  3061.16E-05  1006.88E-05  2084.38E-05  
408000.E-01  2834.25E-05  5012.81E-06  2362.31E-05  
420000.E-01  2830.70E-05  3973.91E-06  2464.66E-05  
432000.E-01  3909.24E-05  6463.95E-06  3293.40E-05  
444000.E-01  2875.26E-05  6306.96E-06  2276.71E-05  
456000.E-01  3346.05E-05  7509.48E-06  2628.84E-05  
468000.E-01  3069.53E-05  5426.55E-06  2562.44E-05  
480000.E-01  5132.14E-05  1238.60E-05  3928.78E-05  
492000.E-01  4425.42E-05  7113.54E-06  3748.06E-05  
504000.E-01  3508.36E-05  6674.72E-06  2877.35E-05  
516000.E-01  3236.22E-05  7572.16E-06  2517.18E-05  
528000.E-01  3377.90E-05  7113.47E-06  2705.93E-05  
540000.E-01  4043.97E-05  8880.02E-06  3196.39E-05  
552000.E-01  3876.12E-05  6291.18E-06  3286.10E-05  
564000.E-01  4843.59E-05  1497.08E-05  3388.18E-05  
576000.E-01  3912.38E-05  6720.99E-06  3284.16E-05  
588000.E-01  4242.75E-05  7927.38E-06  3494.37E-05  
600000.E-01  5129.82E-05  1077.47E-05  4098.89E-05  
612000.E-01  5136.93E-05  1537.53E-05  3647.36E-05  
624000.E-01  5655.11E-05  1990.67E-05  3714.41E-05  
636000.E-01  5491.78E-05  8915.20E-06  4653.16E-05  
648000.E-01  6933.89E-05  2945.46E-05  4041.22E-05  
660000.E-01  7563.81E-05  2328.67E-05  5291.10E-05  
672000.E-01  6548.04E-05  2114.85E-05  4491.35E-05  
684000.E-01  5815.26E-05  1427.88E-05  4448.97E-05  
696000.E-01  7084.99E-05  1351.54E-05  5800.72E-05  
708000.E-01  8351.13E-05  2185.73E-05  6235.02E-05  
720000.E-01  7792.41E-05  1675.07E-05  6192.21E-05  
732000.E-01  1049.34E-04  4170.92E-05  6405.50E-05  
744000.E-01  1099.41E-04  4501.88E-05  6583.10E-05  
756000.E-01  8925.15E-05  2754.74E-05  6271.96E-05  
768000.E-01  1117.76E-04  3039.46E-05  8250.55E-05  
780000.E-01  1084.98E-04  2544.01E-05  8430.62E-05  
792000.E-01  1333.60E-04  4039.34E-05  9443.98E-05  
804000.E-01  1702.62E-04  6251.34E-05  1094.69E-04  
816000.E-01  1715.61E-04  5583.15E-05  1177.16E-04  
828000.E-01  2035.30E-04  6769.51E-05  1382.77E-04  
840000.E-01  2543.55E-04  9301.04E-05  1643.02E-04  
852000.E-01  3163.14E-04  1274.17E-04  1928.04E-04  
864000.E-01  3957.89E-04  1638.46E-04  2372.10E-04  
876000.E-01  5011.43E-04  2208.04E-04  2876.77E-04  
888000.E-01  6520.16E-04  3071.41E-04  3547.49E-04  
900000.E-01  8313.92E-04  4320.88E-04  4127.28E-04  
912000.E-01  9322.99E-04  5217.96E-04  4269.33E-04  
924000.E-01  8743.72E-04  5304.92E-04  3602.34E-04  
936000.E-01  6224.36E-04  4034.94E-04  2314.45E-04  
948000.E-01  3072.57E-04  2115.05E-04  1025.10E-04  
960000.E-01  9737.84E-05  7100.53E-05  2848.02E-05  
972000.E-01  1782.83E-05  1261.88E-05  5646.22E-06  
984000.E-01  2285.04E-06  1929.54E-06  4102.48E-07  
996000.E-01  0000.00E+00  0000.00E+00  0000.00E+00  
100800.E+00  0000.00E+00  0000.00E+00  0000.00E+00  
102000.E+00  0000.00E+00  0000.00E+00  0000.00E+00  
103200.E+00  0000.00E+00  0000.00E+00  0000.00E+00  
104400.E+00  0000.00E+00  0000.00E+00  0000.00E+00  
105600.E+00  0000.00E+00  0000.00E+00  0000.00E+00  
106800.E+00  0000.00E+00  0000.00E+00  0000.00E+00  
108000.E+00  0000.00E+00  0000.00E+00  0000.00E+00  
109200.E+00  0000.00E+00  0000.00E+00  0000.00E+00  
110400.E+00  0000.00E+00  0000.00E+00  0000.00E+00  
111600.E+00  0000.00E+00  0000.00E+00  0000.00E+00  
112800.E+00  0000.00E+00  0000.00E+00  0000.00E+00  
114000.E+00  0000.00E+00  0000.00E+00  0000.00E+00  
115200.E+00  0000.00E+00  0000.00E+00  0000.00E+00  
116400.E+00  0000.00E+00  0000.00E+00  0000.00E+00  
117600.E+00  0000.00E+00  0000.00E+00  0000.00E+00  
118800.E+00  0000.00E+00  0000.00E+00  0000.00E+00  
120000.E+00  0000.00E+00  0000.00E+00  0000.00E+00  
